06800004
29000401
0610841212
014213281
61013292108
10102828
theseus (1, 3)
escape (7, 5)
minotaur (7, 5)
0 ((1, 3), (7, 5))
1 ((0, 3), (7, 3)) left
2 ((0, 2), (6, 2)) up
3 ((0, 1), (4, 2)) up
4 ((0, 1), (3, 1)) stay
5 ((0, 2), (1, 1)) down
6 ((0, 3), (0, 2)) down
7 ((1, 3), (1, 2)) right
8 ((2, 3), (1, 2)) right
9 ((3, 3), (1, 2)) right
10 ((3, 2), (1, 2)) up
11 ((4, 2), (1, 2)) right
12 ((5, 2), (1, 2)) right
13 ((6, 2), (1, 2)) right
14 ((6, 3), (1, 2)) down
15 ((7, 3), (1, 2)) right
16 ((7, 4), (1, 2)) down
17 ((7, 5), (1, 2)) down
