00000000000000
21080000000210108
28210800000210108
210828444442868
210101010911138038
210802844428028
00000011100000
theseus (2, 1)
escape (7, 6)
minotaur (1, 1)
0 ((2, 1), (1, 1))
1 ((3, 1), (1, 1)) right
2 ((4, 1), (1, 1)) right
3 ((5, 1), (1, 1)) right
4 ((6, 1), (1, 1)) right
5 ((7, 1), (1, 1)) right
6 ((8, 1), (1, 1)) right
7 ((9, 1), (1, 1)) right
8 ((10, 1), (1, 1)) right
9 ((10, 0), (2, 0)) up
10 ((11, 0), (4, 0)) right
11 ((11, 1), (6, 0)) down
12 ((11, 2), (8, 0)) down
13 ((11, 3), (10, 0)) down
14 ((11, 4), (11, 1)) down
15 ((10, 4), (11, 3)) left
16 ((10, 3), (11, 3)) up
17 ((9, 3), (11, 3)) left
18 ((8, 3), (11, 3)) left
19 ((7, 3), (11, 3)) left
20 ((6, 3), (11, 3)) left
21 ((5, 3), (11, 3)) left
22 ((4, 3), (11, 3)) left
23 ((4, 2), (11, 2)) up
24 ((4, 1), (11, 1)) up
25 ((3, 1), (11, 1)) left
26 ((2, 1), (11, 1)) left
27 ((2, 2), (11, 2)) down
28 ((1, 2), (11, 2)) left
29 ((1, 1), (11, 1)) up
30 ((1, 0), (10, 0)) up
31 ((1, 1), (8, 0)) down
32 ((1, 2), (6, 0)) down
33 ((1, 3), (4, 0)) down
34 ((1, 4), (2, 0)) down
35 ((1, 5), (1, 1)) down
36 ((1, 6), (1, 3)) down
37 ((2, 6), (1, 5)) right
38 ((2, 5), (1, 5)) up
39 ((3, 5), (1, 5)) right
40 ((4, 5), (1, 5)) right
41 ((4, 4), (1, 4)) up
42 ((4, 3), (1, 3)) up
43 ((5, 3), (1, 3)) right
44 ((6, 3), (1, 3)) right
45 ((7, 3), (1, 3)) right
46 ((8, 3), (1, 3)) right
47 ((9, 3), (1, 3)) right
48 ((10, 3), (1, 3)) right
49 ((10, 4), (1, 4)) down
50 ((11, 4), (1, 4)) right
51 ((12, 4), (1, 4)) right
52 ((12, 5), (1, 5)) down
53 ((12, 6), (2, 6)) down
54 ((13, 6), (4, 6)) right
55 ((13, 5), (6, 6)) up
56 ((13, 4), (8, 6)) up
57 ((13, 3), (10, 6)) up
58 ((13, 2), (12, 6)) up
59 ((13, 1), (13, 5)) up
60 ((13, 0), (13, 3)) up
61 ((12, 0), (13, 1)) left
62 ((12, 1), (13, 1)) down
63 ((12, 2), (13, 2)) down
64 ((12, 3), (13, 3)) down
65 ((11, 3), (13, 3)) left
66 ((11, 4), (13, 4)) down
67 ((10, 4), (13, 4)) left
68 ((10, 3), (13, 3)) up
69 ((9, 3), (13, 3)) left
70 ((8, 3), (13, 3)) left
71 ((7, 3), (13, 3)) left
72 ((6, 3), (13, 3)) left
73 ((5, 3), (13, 3)) left
74 ((4, 3), (13, 3)) left
75 ((4, 2), (13, 2)) up
76 ((4, 1), (13, 1)) up
77 ((3, 1), (13, 1)) left
78 ((2, 1), (13, 1)) left
79 ((2, 2), (13, 2)) down
80 ((1, 2), (13, 2)) left
81 ((1, 3), (13, 3)) down
82 ((1, 4), (13, 4)) down
83 ((1, 5), (13, 5)) down
84 ((1, 6), (12, 6)) down
85 ((0, 6), (10, 6)) left
86 ((0, 5), (8, 6)) up
87 ((0, 4), (6, 6)) up
88 ((0, 3), (4, 6)) up
89 ((0, 2), (2, 6)) up
90 ((0, 1), (0, 6)) up
91 ((0, 0), (0, 4)) up
92 ((1, 0), (0, 2)) right
93 ((1, 1), (0, 1)) down
94 ((1, 2), (0, 2)) down
95 ((2, 2), (0, 2)) right
96 ((2, 1), (0, 1)) up
97 ((3, 1), (0, 1)) right
98 ((4, 1), (0, 1)) right
99 ((5, 1), (0, 1)) right
100 ((6, 1), (0, 1)) right
101 ((7, 1), (0, 1)) right
102 ((8, 1), (0, 1)) right
103 ((9, 1), (0, 1)) right
104 ((10, 1), (0, 1)) right
105 ((10, 0), (1, 0)) up
106 ((10, 1), (3, 0)) down
107 ((10, 2), (5, 0)) down
108 ((10, 3), (7, 0)) down
109 ((10, 4), (9, 0)) down
110 ((10, 5), (10, 1)) down
111 ((10, 6), (10, 3)) down
112 ((9, 6), (9, 3)) left
113 ((8, 6), (8, 3)) left
114 ((7, 6), (7, 3)) left
