40000000000000
38000000000000
00000000000000
28000000000000
28000000000000
28000000000000
28000000000000
28000000000000
00000000000000
theseus (0, 4)
escape (13, 1)
minotaur (13, 4)
0 ((0, 4), (13, 4))
1 ((0, 5), (11, 4)) down
2 ((0, 4), (9, 4)) up
3 ((0, 3), (7, 4)) up
4 ((0, 2), (5, 4)) up
5 ((1, 2), (3, 4)) right
6 ((1, 1), (1, 4)) up
7 ((1, 0), (1, 2)) up
8 ((0, 0), (0, 1)) left
9 ((1, 0), (0, 1)) right
10 ((2, 0), (0, 1)) right
11 ((3, 0), (0, 1)) right
12 ((4, 0), (0, 1)) right
13 ((5, 0), (0, 1)) right
14 ((6, 0), (0, 1)) right
15 ((7, 0), (0, 1)) right
16 ((8, 0), (0, 1)) right
17 ((9, 0), (0, 1)) right
18 ((10, 0), (0, 1)) right
19 ((11, 0), (0, 1)) right
20 ((12, 0), (0, 1)) right
21 ((13, 0), (0, 1)) right
22 ((13, 1), (0, 1)) down
