00444044400
0613550553120
29155055438
21010950553108
2101010905310108
02101010123101080
210101012161010108
2101012505610108
21012550556108
212555055568
01111011110
theseus (4, 5)
escape (5, 5)
minotaur (6, 5)
0 ((4, 5), (6, 5))
1 ((4, 6), (5, 5)) down
2 ((5, 6), (5, 5)) right
3 ((5, 7), (5, 5)) down
4 ((5, 8), (5, 5)) down
5 ((5, 9), (5, 5)) down
6 ((6, 9), (6, 6)) right
7 ((7, 9), (6, 6)) right
8 ((8, 9), (6, 6)) right
9 ((9, 9), (6, 6)) right
10 ((9, 8), (6, 6)) up
11 ((9, 7), (6, 6)) up
12 ((9, 6), (6, 6)) up
13 ((9, 5), (6, 5)) up
14 ((9, 4), (6, 5)) up
15 ((9, 3), (6, 5)) up
16 ((9, 2), (6, 5)) up
17 ((8, 2), (6, 5)) left
18 ((8, 1), (6, 5)) up
19 ((7, 1), (6, 5)) left
20 ((6, 1), (6, 5)) left
21 ((5, 1), (5, 4)) left
22 ((6, 1), (6, 4)) right
23 ((5, 1), (5, 3)) left
24 ((5, 0), (5, 1)) up
25 ((4, 0), (4, 1)) left
26 ((3, 0), (3, 1)) left
27 ((2, 0), (2, 1)) left
28 ((1, 0), (2, 1)) left
29 ((1, 1), (2, 1)) down
30 ((0, 1), (2, 1)) left
31 ((0, 2), (2, 1)) down
32 ((0, 3), (2, 1)) down
33 ((0, 4), (2, 1)) down
34 ((0, 5), (2, 1)) down
35 ((1, 5), (2, 1)) right
36 ((1, 4), (2, 1)) up
37 ((1, 3), (2, 1)) up
38 ((1, 2), (2, 1)) up
39 ((2, 2), (2, 1)) right
40 ((2, 3), (2, 1)) down
41 ((2, 4), (2, 1)) down
42 ((2, 5), (2, 1)) down
43 ((2, 6), (2, 1)) down
44 ((2, 7), (2, 1)) down
45 ((2, 8), (2, 1)) down
46 ((3, 8), (3, 1)) right
47 ((4, 8), (4, 1)) right
48 ((5, 8), (5, 2)) right
49 ((4, 8), (4, 2)) left
50 ((3, 8), (3, 2)) left
51 ((2, 8), (2, 3)) left
52 ((3, 8), (2, 5)) right
53 ((4, 8), (2, 7)) right
54 ((5, 8), (3, 8)) right
55 ((5, 7), (5, 8)) up
56 ((6, 7), (6, 8)) right
57 ((7, 7), (7, 8)) right
58 ((7, 6), (7, 8)) up
59 ((7, 5), (7, 8)) up
60 ((7, 4), (7, 8)) up
61 ((6, 4), (6, 8)) left
62 ((5, 4), (5, 7)) left
63 ((5, 5), (5, 6)) down
